     x     y                   value
     0   240 3.2033329522929615e-145
     1   239 7.6559657559801779e-143
    -1   239 7.6559657559801779e-143
     2   238 9.1086772498450360e-141
     0   238 1.8297758156792625e-140
    -2   238 9.1086772498450360e-141
     3   237 7.1925876277662396e-139
     1   237 2.1769796287122777e-138
    -1   237 2.1769796287122777e-138
    -3   237 7.1925876277662396e-139
     4   236 4.2404905733551275e-137
     2   236 1.7190440592842737e-136
     0   236 2.5900795562735362e-136
    -2   236 1.7190440592842737e-136
    -4   236 4.2404905733551275e-137
     5   235 1.9908768841650934e-135
     3   235 1.0134986583976286e-134
     1   235 2.0452649975455942e-134
    -1   235 2.0452649975455942e-134
    -3   235 1.0134986583976286e-134
    -5   235 1.9908768841650934e-135
     6   234 7.7527518143157913e-134
     4   234 4.7583949463951490e-133
     2   234 1.2058462256250466e-132
     0   234 1.6150702207048836e-132
    -2   234 1.2058462256250466e-132
    -4   234 4.7583949463951490e-133
    -6   234 7.7527518143157913e-134
     7   233 2.5752758529450531e-132
     5   233 1.8530502385479607e-131
     3   233 5.6615975177735821e-131
     1   233 9.5222879339831618e-131
    -1   233 9.5222879339831618e-131
    -3   233 5.6615975177735821e-131
    -5   233 1.8530502385479607e-131
    -7   233 2.5752758529450531e-132
     8   232 7.4474341677955352e-131
     6   232 6.1557563720554876e-130
     4   232 2.2048612824179583e-129
     2   232 4.4709448832077158e-129
     0   232 5.6143674490136618e-129
    -2   232 4.4709448832077158e-129
    -4   232 2.2048612824179583e-129
    -6   232 6.1557563720554876e-130
    -8   232 7.4474341677955352e-131
     9   231 1.9040265673311655e-129
     7   231 1.7803801180270400e-128
     5   231 7.3248914373477823e-128
     3   231 1.7412372812597118e-127
     1   231 2.6361591360238367e-127
    -1   231 2.6361591360238367e-127
    -3   231 1.7412372812597118e-127
    -5   231 7.3248914373477823e-128
    -7   231 1.7803801180270400e-128
    -9   231 1.9040265673311655e-129
    10   230 4.3537528687168309e-128
     8   230 4.5527845299173809e-127
     6   230 2.1187389416253851e-126
     4   230 5.7850012672301260e-126
     2   230 1.0267106565282007e-125
     0   230 1.2378216417016702e-125
    -2   230 1.0267106565282007e-125
    -4   230 5.7850012672301260e-126
    -6   230 2.1187389416253851e-126
    -8   230 4.5527845299173809e-127
   -10   230 4.3537528687168309e-128
    11   229 8.9757363590135216e-127
     9   229 1.0415879156975732e-125
     7   229 5.4191048069786196e-125
     5   229 1.6734864695959493e-124
     3   229 3.4112987961824050e-124
     1   229 4.8211956591036306e-124
    -1   229 4.8211956591036306e-124
    -3   229 3.4112987961824050e-124
    -5   229 1.6734864695959493e-124
    -7   229 5.4191048069786196e-125
    -9   229 1.0415879156975732e-125
   -11   229 8.9757363590135216e-127
    12   228 1.6721560855640308e-125
    10   228 2.1504717215768718e-124
     8   228 1.2403092489402091e-123
     6   228 4.2810346227451220e-123
     4   228 9.8691467625817865e-123
     2   228 1.6019695763950339e-122
     0   228 1.8779140242343119e-122
    -2   228 1.6019695763950339e-122
    -4   228 9.8691467625817865e-123
    -6   228 4.2810346227451220e-123
    -8   228 1.2403092489402091e-123
   -10   228 2.1504717215768718e-124
   -12   228 1.6721560855640308e-125
    13   227 2.7717879361271424e-124
    11   227 4.0259916469018125e-123
     9   227 2.5634179195049059e-122
     7   227 9.8017348065388333e-122
     5   227 2.5250837246130783e-121
     3   227 4.6350569748272979e-121
     1   227 6.2403103452424131e-121
    -1   227 6.2403103452424131e-121
    -3   227 4.6350569748272979e-121
    -5   227 2.5250837246130783e-121
    -7   227 9.8017348065388333e-122
    -9   227 2.5634179195049059e-122
   -11   227 4.0259916469018125e-123
   -13   227 2.7717879361271424e-124
    14   226 3.6728716109137411e-123
    12   226 6.8126707448861010e-122
    10   226 4.8133474107407045e-121
     8   226 2.0273541404658042e-120
     6   226 5.7830754971741689e-120
     4   226 1.1860866343970811e-119
     2   226 1.8057162122886532e-119
     0   226 2.0738306041113593e-119
    -2   226 1.8057162122886532e-119
    -4   226 1.1860866343970811e-119
    -6   226 5.7830754971741689e-120
    -8   226 2.0273541404658042e-120
   -10   226 4.8133474107407045e-121
   -12   226 6.8126707448861010e-122
   -14   226 3.6728716109137411e-123
    15   225 3.4115585099975302e-123
    13   225 1.0137792041513156e-120
    11   225 8.2247665183737904e-120
     9   225 3.8141392772500368e-119
     7   225 1.1968716488773952e-118
     5   225 2.7171403048003097e-118
     3   225 4.6214036690306449e-118
     1   225 6.0015445639820148e-118
    -1   225 6.0015445639820148e-118
    -3   225 4.6214036690306449e-118
    -5   225 2.7171403048003097e-118
    -7   225 1.1968716488773952e-118
    -9   225 3.8141392772500368e-119
   -11   225 8.2247665183737904e-120
   -13   225 1.0137792041513156e-120
   -15   225 3.4115585099975302e-123
    14   224 1.1805039586384066e-119
    12   224 1.2687818285159840e-118
    10   224 6.5519910278485423e-118
     8   224 2.2547454921768083e-117
     6   224 5.6261611075937672e-117
     4   224 1.0589394374718802e-116
     2   224 1.5362124287090328e-116
     0   224 1.7370288092744805e-116
    -2   224 1.5362124287090328e-116
    -4   224 1.0589394374718802e-116
    -6   224 5.6261611075937672e-117
    -8   224 2.2547454921768083e-117
   -10   224 6.5519910278485423e-118
   -12   224 1.2687818285159840e-118
   -14   224 1.1805039586384066e-119
    13   223 1.7067181467560447e-117
    11   223 1.0265509074597200e-116
     9   223 3.8857070366769769e-116
     7   223 1.0609387835811228e-115
     5   223 2.1935530479135698e-115
     3   223 3.5208198774910651e-115
     1   223 4.4469651026739080e-115
    -1   223 4.4469651026739080e-115
    -3   223 3.5208198774910651e-115
    -5   223 2.1935530479135698e-115
    -7   223 1.0609387835811228e-115
    -9   223 3.8857070366769769e-116
   -11   223 1.0265509074597200e-116
   -13   223 1.7067181467560447e-117
    14   222 1.7679812126211528e-116
    12   222 1.4497971154531874e-115
    10   222 6.1375422579326785e-115
     8   222 1.8322491910675560e-114
     6   222 4.1395819885747664e-114
     4   222 7.2958321378854178e-114
     2   222 1.0194133272686695e-113
     0   222 1.1386738927096803e-113
    -2   222 1.0194133272686695e-113
    -4   222 7.2958321378854178e-114
    -6   222 4.1395819885747664e-114
    -8   222 1.8322491910675560e-114
   -10   222 6.1375422579326785e-115
   -12   222 1.4497971154531874e-115
   -14   222 1.7679812126211528e-116
    13   221 1.7738127610854166e-114
    11   221 8.8552112743578388e-114
     9   221 2.9079131921116172e-113
     7   221 7.1598087134448308e-113
     5   221 1.3776836867047919e-112
     3   221 2.1131077048840554e-112
     1   221 2.6108678774732971e-112
    -1   221 2.6108678774732971e-112
    -3   221 2.1131077048840554e-112
    -5   221 1.3776836867047919e-112
    -7   221 7.1598087134448308e-113
    -9   221 2.9079131921116172e-113
   -11   221 8.8552112743578388e-114
   -13   221 1.7738127610854166e-114
    14   220 1.6499134832740917e-113
    12   220 1.1498718923532364e-112
    10   220 4.2423213489827089e-112
     8   220 1.1398105547559444e-111
     6   220 2.3855044109303357e-111
     4   220 3.9922816554514143e-111
     2   220 5.4136650946313737e-111
     0   220 5.9880161286017990e-111
    -2   220 5.4136650946313737e-111
    -4   220 3.9922816554514143e-111
    -6   220 2.3855044109303357e-111
    -8   220 1.1398105547559444e-111
   -10   220 4.2423213489827089e-112
   -12   220 1.1498718923532364e-112
   -14   220 1.6499134832740917e-113
    13   219 1.2864501311828269e-111
    11   219 5.6591679627147725e-111
     9   219 1.6736792848106375e-110
     7   219 3.8056830523044333e-110
     5   219 6.9188387905697019e-110
     3   219 1.0232709701233819e-109
     1   219 1.2420212239461618e-109
    -1   219 1.2420212239461618e-109
    -3   219 1.0232709701233819e-109
    -5   219 6.9188387905697019e-110
    -7   219 3.8056830523044333e-110
    -9   219 1.6736792848106375e-110
   -11   219 5.6591679627147725e-111
   -13   219 1.2864501311828269e-111
    14   218 1.0820415778639960e-110
    12   218 6.7840761518832423e-110
    10   218 2.2643800591398341e-109
     8   218 5.6113742757440764e-109
     6   218 1.1055022402561435e-108
     4   218 1.7746687708978047e-108
     2   218 2.3486417115436781e-108
     0   218 2.5771012490625542e-108
    -2   218 2.3486417115436781e-108
    -4   218 1.7746687708978047e-108
    -6   218 1.1055022402561435e-108
    -8   218 5.6113742757440764e-109
   -10   218 2.2643800591398341e-109
   -12   218 6.7840761518832423e-110
   -14   218 1.0820415778639960e-110
    13   217 6.9717498381151321e-109
    11   217 2.8032768268413313e-108
     9   217 7.6548704260061205e-108
     7   217 1.6346460772808441e-107
     5   217 2.8389875512857363e-107
     3   217 4.0758435011442504e-107
     1   217 4.8754038798374224e-107
    -1   217 4.8754038798374224e-107
    -3   217 4.0758435011442504e-107
    -5   217 2.8389875512857363e-107
    -7   217 1.6346460772808441e-107
    -9   217 7.6548704260061205e-108
   -11   217 2.8032768268413313e-108
   -13   217 6.9717498381151321e-109
    14   216 5.3298969105543646e-108
    12   216 3.1139536343384911e-107
    10   216 9.6397396080193157e-107
     8   216 2.2417175310423068e-106
     6   216 4.2064534503777148e-106
     4   216 6.5265824165617393e-106
     2   216 8.4657563552890119e-106
     0   216 9.2278604932853809e-106
    -2   216 8.4657563552890119e-106
    -4   216 6.5265824165617393e-106
    -6   216 4.2064534503777148e-106
    -8   216 2.2417175310423068e-106
   -10   216 9.6397396080193157e-107
   -12   216 3.1139536343384911e-107
   -14   216 5.3298969105543646e-108
    13   215 2.9505201591680352e-106
    11   215 1.1113370784235596e-105
     9   215 2.8515268261033291e-105
     7   215 5.7893686702835023e-105
     5   215 9.6853743425057681e-105
     3   215 1.3567405596436856e-104
     1   215 1.6032853239163922e-104
    -1   215 1.6032853239163922e-104
    -3   215 1.3567405596436856e-104
    -5   215 9.6853743425057681e-105
    -7   215 5.7893686702835023e-105
    -9   215 2.8515268261033291e-105
   -11   215 1.1113370784235596e-105
   -13   215 2.9505201591680352e-106
    14   214 2.0571003793685164e-105
    12   214 1.1477898333001697e-104
    10   214 3.3535804029889483e-104
     8   214 7.4117465319721023e-104
     6   214 1.3364535182819720e-103
     4   214 2.0159170105735716e-103
     2   214 2.5714285554166785e-103
     0   214 2.7873907679954060e-103
    -2   214 2.5714285554166785e-103
    -4   214 2.0159170105735716e-103
    -6   214 1.3364535182819720e-103
    -8   214 7.4117465319721023e-104
   -10   214 3.3535804029889483e-104
   -12   214 1.1477898333001697e-104
   -14   214 2.0571003793685164e-105
    13   213 1.0057451532382712e-103
    11   213 3.6118102297214105e-103
     9   213 8.8203751419316574e-103
     7   213 1.7184856462776643e-102
     5   213 2.7871601375319328e-102
     3   213 3.8248511217972375e-102
     1   213 4.4739430058461081e-102
    -1   213 4.4739430058461081e-102
    -3   213 3.8248511217972375e-102
    -5   213 2.7871601375319328e-102
    -7   213 1.7184856462776643e-102
    -9   213 8.8203751419316574e-103
   -11   213 3.6118102297214105e-103
   -13   213 1.0057451532382712e-103
    14   212 6.4042363790870174e-103
    12   212 3.4787039672908657e-102
    10   212 9.7173657621287451e-102
     8   212 2.0606829822128853e-101
     6   212 3.5952022821495978e-101
     4   212 5.2964525559630659e-101
     2   212 6.6611997401368244e-101
     0   212 7.1868182706336834e-101
    -2   212 6.6611997401368244e-101
    -4   212 5.2964525559630659e-101
    -6   212 3.5952022821495978e-101
    -8   212 2.0606829822128853e-101
   -10   212 9.7173657621287451e-102
   -12   212 3.4787039672908657e-102
   -14   212 6.4042363790870174e-103
    13   211 2.8253141674220665e-101
    11   211 9.8051584713633503e-101
     9   211 2.3012024532157160e-100
     7   211 4.3335398598126424e-100
     5   211 6.8483156939682687e-100
     3   211 9.2363372836703479e-100
     1   211  1.0710556494042028e-99
    -1   211  1.0710556494042028e-99
    -3   211 9.2363372836703479e-100
    -5   211 6.8483156939682687e-100
    -7   211 4.3335398598126424e-100
    -9   211 2.3012024532157160e-100
   -11   211 9.8051584713633503e-101
   -13   211 2.8253141674220665e-101
    14   210 1.6418962308696878e-100
    12   210 8.8304212924980086e-100
    10   210  2.3815442898683417e-99
     8   210  4.8818684730063959e-99
     6   210  8.2856721988731172e-99
     4   210  1.1965365056189952e-98
     2   210  1.4868952560921069e-98
     0   210  1.5978162255534002e-98
    -2   210  1.4868952560921069e-98
    -4   210  1.1965365056189952e-98
    -6   210  8.2856721988731172e-99
    -8   210  4.8818684730063959e-99
   -10   210  2.3815442898683417e-99
   -12   210 8.8304212924980086e-100
   -14   210 1.6418962308696878e-100
    13   209  6.6575545046962596e-99
    11   209  2.2573579537072435e-98
     9   209  5.1297536587179645e-98
     7   209  9.3902723183149461e-98
     5   209  1.4517798543770550e-97
     3   209  1.9293228542471973e-97
     1   209  2.2207608266098271e-97
    -1   209  2.2207608266098271e-97
    -3   209  1.9293228542471973e-97
    -5   209  1.4517798543770550e-97
    -7   209  9.3902723183149461e-98
    -9   209  5.1297536587179645e-98
   -11   209  2.2573579537072435e-98
   -13   209  6.6575545046962596e-99
    14   208  3.5177667200709052e-98
    12   208  1.9054061249351648e-97
    10   208  4.9997900953551378e-97
     8   208  9.9650628175718177e-97
     6   208  1.6524757723890276e-96
     4   208  2.3461786045690168e-96
     2   208  2.8857225019114816e-96
     0   208  3.0903672099598782e-96
    -2   208  2.8857225019114816e-96
    -4   208  2.3461786045690168e-96
    -6   208  1.6524757723890276e-96
    -8   208  9.9650628175718177e-97
   -10   208  4.9997900953551378e-97
   -12   208  1.9054061249351648e-97
   -14   208  3.5177667200709052e-98
    13   207  1.3345261840451858e-96
    11   207  4.4624954948038840e-96
     9   207  9.8774119338671509e-96
     7   207  1.7656112898960091e-95
     5   207  2.6793227510940074e-95
     3   207  3.5159103693347268e-95
     1   207  4.0213342951081903e-95
    -1   207  4.0213342951081903e-95
    -3   207  3.5159103693347268e-95
    -5   207  2.6793227510940074e-95
    -7   207  1.7656112898960091e-95
    -9   207  9.8774119338671509e-96
   -11   207  4.4624954948038840e-96
   -13   207  1.3345261840451858e-96
    14   206  6.3584649755085185e-96
    12   206  3.5378535334318599e-95
    10   206  9.0879540897347453e-95
     8   206  1.7694181460919517e-94
     6   206  2.8769327985128476e-94
     4   206  4.0257095672627279e-94
     2   206  4.9078972172324556e-94
     0   206  5.2403982245818604e-94
    -2   206  4.9078972172324556e-94
    -4   206  4.0257095672627279e-94
    -6   206  2.8769327985128476e-94
    -8   206  1.7694181460919517e-94
   -10   206  9.0879540897347453e-95
   -12   206  3.5378535334318599e-95
   -14   206  6.3584649755085185e-96
    13   205  2.3017251390947453e-94
    11   205  7.6549020919236605e-94
     9   205  1.6582114383986917e-93
     7   205  2.9051606650510807e-93
     5   205  4.3388887749038649e-93
     3   205  5.6319818654915482e-93
     1   205  6.4062458994462141e-93
    -1   205  6.4062458994462141e-93
    -3   205  5.6319818654915482e-93
    -5   205  4.3388887749038649e-93
    -7   205  2.9051606650510807e-93
    -9   205  1.6582114383986917e-93
   -11   205  7.6549020919236605e-94
   -13   205  2.3017251390947453e-94
    14   204  9.7324272393409107e-94
    12   204  5.7109546066418648e-93
    10   204  1.4433215722363982e-92
     8   204  2.7556322314829803e-92
     6   204  4.4057911312295222e-92
     4   204  6.0883693947771876e-92
     2   204  7.3659769541478063e-92
     0   204  7.8448213474525647e-92
    -2   204  7.3659769541478063e-92
    -4   204  6.0883693947771876e-92
    -6   204  4.4057911312295222e-92
    -8   204  2.7556322314829803e-92
   -10   204  1.4433215722363982e-92
   -12   204  5.7109546066418648e-93
   -14   204  9.7324272393409107e-94
    13   203  3.4483519505100129e-92
    11   203  1.1496727347296498e-91
     9   203  2.4467408195521852e-91
     7   203  4.2142652638330664e-91
     5   203  6.2084161482726169e-91
     3   203  7.9830561665956559e-91
     1   203  9.0372287706893720e-91
    -1   203  9.0372287706893720e-91
    -3   203  7.9830561665956559e-91
    -5   203  6.2084161482726169e-91
    -7   203  4.2142652638330664e-91
    -9   203  2.4467408195521852e-91
   -11   203  1.1496727347296498e-91
   -13   203  3.4483519505100129e-92
    14   202  1.2551893600382304e-91
    12   202  8.0861361055876971e-91
    10   202  2.0186824275360441e-90
     8   202  3.7913053329254134e-90
     6   202  5.9750592261443751e-90
     4   202  8.1680401664668283e-90
     2   202  9.8165249943762509e-90
     0   202  1.0431288479883439e-89
    -2   202  9.8165249943762509e-90
    -4   202  8.1680401664668283e-90
    -6   202  5.9750592261443751e-90
    -8   202  3.7913053329254134e-90
   -10   202  2.0186824275360441e-90
   -12   202  8.0861361055876971e-91
   -14   202  1.2551893600382304e-91
    13   201  4.5245093290237318e-90
    11   201  1.5235081013405884e-89
     9   201  3.1955768396602481e-89
     7   201  5.4249080191077921e-89
     5   201  7.8979940344048619e-89
     3   201  1.0072704260014059e-88
     1   201  1.1355359898245088e-88
    -1   201  1.1355359898245088e-88
    -3   201  1.0072704260014059e-88
    -5   201  7.8979940344048619e-89
    -7   201  5.4249080191077921e-89
    -9   201  3.1955768396602481e-89
   -11   201  1.5235081013405884e-89
   -13   201  4.5245093290237318e-90
    14   200  1.3326957203584079e-89
    12   200  1.0120832400045103e-88
    10   200  2.5036462676054557e-88
     8   200  4.6376925265394830e-88
     6   200  7.2191553087250484e-88
     4   200  9.7764263762821360e-88
     2   200  1.1681490949265009e-87
     0   200  1.2388757713524047e-87
    -2   200  1.1681490949265009e-87
    -4   200  9.7764263762821360e-88
    -6   200  7.2191553087250484e-88
    -8   200  4.6376925265394830e-88
   -10   200  2.5036462676054557e-88
   -12   200  1.0120832400045103e-88
   -14   200  1.3326957203584079e-89
    13   199  5.2400188757958495e-88
    11   199  1.7934468418542521e-87
     9   199  3.7172795792072908e-87
     7   199  6.2331919684213132e-87
     5   199  8.9823417436460453e-87
     3   199  1.1374022625483730e-86
     1   199  1.2775652723019294e-86
    -1   199  1.2775652723019294e-86
    -3   199  1.1374022625483730e-86
    -5   199  8.9823417436460453e-87
    -7   199  6.2331919684213132e-87
    -9   199  3.7172795792072908e-87
   -11   199  1.7934468418542521e-87
   -13   199  5.2400188757958495e-88
    14   198  1.0773274466675938e-87
    12   198  1.1276077752708846e-86
    10   198  2.7702177636843438e-86
     8   198  5.0725237127652386e-86
     6   198  7.8124325975280702e-86
     4   198  1.0493615186219377e-85
     2   198  1.2474844451424846e-85
     0   198  1.3207420292810700e-85
    -2   198  1.2474844451424846e-85
    -4   198  1.0493615186219377e-85
    -6   198  7.8124325975280702e-86
    -8   198  5.0725237127652386e-86
   -10   198  2.7702177636843438e-86
   -12   198  1.1276077752708846e-86
   -14   198  1.0773274466675938e-87
    13   197  5.4054911001406517e-86
    11   197  1.8866221011955374e-85
     9   197  3.8727328408525905e-85
     7   197  6.4260071407062475e-85
     5   197  9.1783090101887913e-85
     3   197  1.1549704466514536e-84
     1   197  1.2931449971584524e-84
    -1   197  1.2931449971584524e-84
    -3   197  1.1549704466514536e-84
    -5   197  9.1783090101887913e-85
    -7   197  6.4260071407062475e-85
    -9   197  3.8727328408525905e-85
   -11   197  1.8866221011955374e-85
   -13   197  5.4054911001406517e-86
    14   196  4.4350461264268429e-86
    12   196  1.1253305456096750e-84
    10   196  2.7493460966292195e-84
     8   196  4.9861022782954097e-84
     6   196  7.6092262187950288e-84
     4   196  1.0147898878859169e-83
     2   196  1.2010120848553906e-83
     0   196  1.2696181107248752e-83
    -2   196  1.2010120848553906e-83
    -4   196  1.0147898878859169e-83
    -6   196  7.6092262187950288e-84
    -8   196  4.9861022782954097e-84
   -10   196  2.7493460966292195e-84
   -12   196  1.1253305456096750e-84
   -14   196  4.4350461264268429e-86
    13   195  5.0363880989015963e-84
    11   195  1.7827874766986778e-83
     9   195  3.6314156001087670e-83
     7   195  5.9720719333709942e-83
     5   195  8.4643593444981947e-83
     3   195  1.0593035677459995e-82
     1   195  1.1826893569786295e-82
    -1   195  1.1826893569786295e-82
    -3   195  1.0593035677459995e-82
    -5   195  8.4643593444981947e-83
    -7   195  5.9720719333709942e-83
    -9   195  3.6314156001087670e-83
   -11   195  1.7827874766986778e-83
   -13   195  5.0363880989015963e-84
    12   194  1.0112562728021292e-82
    10   194  2.4592798708700077e-82
     8   194  4.4248714946662246e-82
     6   194  6.6996035060635340e-82
     4   194  8.8791506448337668e-82
     2   194  1.0467351472569602e-81
     0   194  1.1050523588146178e-81
    -2   194  1.0467351472569602e-81
    -4   194  8.8791506448337668e-82
    -6   194  6.6996035060635340e-82
    -8   194  4.4248714946662246e-82
   -10   194  2.4592798708700077e-82
   -12   194  1.0112562728021292e-82
    13   193  4.3011853115645258e-82
    11   193  1.5202672287640773e-81
     9   193  3.0784820905720155e-81
     7   193  5.0246979115348849e-81
     5   193  7.0739836574084155e-81
     3   193  8.8104571913565426e-81
     1   193  9.8122166550109770e-81
    -1   193  9.8122166550109770e-81
    -3   193  8.8104571913565426e-81
    -5   193  7.0739836574084155e-81
    -7   193  5.0246979115348849e-81
    -9   193  3.0784820905720155e-81
   -11   193  1.5202672287640773e-81
   -13   193  4.3011853115645258e-82
    12   192  8.2108566542662940e-81
    10   192  1.9912620536480065e-80
     8   192  3.5599390267907600e-80
     6   192  5.3535325853196113e-80
     4   192  7.0564835517189036e-80
     2   192  8.2899226493889329e-80
     0   192  8.7414658888325988e-80
    -2   192  8.2899226493889329e-80
    -4   192  7.0564835517189036e-80
    -6   192  5.3535325853196113e-80
    -8   192  3.5599390267907600e-80
   -10   192  1.9912620536480065e-80
   -12   192  8.2108566542662940e-81
    13   191  3.3214321645550529e-80
    11   191  1.1747165085080925e-79
     9   191  2.3689350242853944e-79
     7   191  3.8421773350188689e-79
     5   191  5.3777170386273526e-79
     3   191  6.6695002021146489e-79
     1   191  7.4115078644579544e-79
    -1   191  7.4115078644579544e-79
    -3   191  6.6695002021146489e-79
    -5   191  5.3777170386273526e-79
    -7   191  3.8421773350188689e-79
    -9   191  2.3689350242853944e-79
   -11   191  1.1747165085080925e-79
   -13   191  3.3214321645550529e-80
    12   190  6.0455745454518251e-79
    10   190  1.4651860336469433e-78
     8   190  2.6063036301229583e-78
     6   190  3.8966667920365343e-78
     4   190  5.1116741511255245e-78
     2   190  5.9868645958320169e-78
     0   190  6.3063780996934782e-78
    -2   190  5.9868645958320169e-78
    -4   190  5.1116741511255245e-78
    -6   190  3.8966667920365343e-78
    -8   190  2.6063036301229583e-78
   -10   190  1.4651860336469433e-78
   -12   190  6.0455745454518251e-79
    13   189  2.3271686740482408e-78
    11   189  8.2559578394260603e-78
     9   189  1.6608163715124174e-77
     7   189  2.6795614358963622e-77
     5   189  3.7315171284596829e-77
     3   189  4.6106666491739310e-77
     1   189  5.1136664457140135e-77
    -1   189  5.1136664457140135e-77
    -3   189  4.6106666491739310e-77
    -5   189  3.7315171284596829e-77
    -7   189  2.6795614358963622e-77
    -9   189  1.6608163715124174e-77
   -11   189  8.2559578394260603e-78
   -13   189  2.3271686740482408e-78
    12   188  4.0504757230037803e-77
    10   188  9.8321638144277796e-77
     8   188  1.7423896654771860e-76
     6   188  2.5921198672086775e-76
     4   188  3.3861637433317153e-76
     2   188  3.9552554700850173e-76
     0   188  4.1624965197723171e-76
    -2   188  3.9552554700850173e-76
    -4   188  3.3861637433317153e-76
    -6   188  2.5921198672086775e-76
    -8   188  1.7423896654771860e-76
   -10   188  9.8321638144277796e-77
   -12   188  4.0504757230037803e-77
    13   187  1.4837973020622789e-76
    11   187  5.2953500615757008e-76
     9   187  1.0643918861124308e-75
     7   187  1.7099288354429228e-75
     5   187  2.3708086800642428e-75
     3   187  2.9198045561998400e-75
     1   187  3.2327764932109271e-75
    -1   187  3.2327764932109271e-75
    -3   187  2.9198045561998400e-75
    -5   187  2.3708086800642428e-75
    -7   187  1.7099288354429228e-75
    -9   187  1.0643918861124308e-75
   -11   187  5.2953500615757008e-76
   -13   187  1.4837973020622789e-76
    12   186  2.4768918103699078e-75
    10   186  6.0368808022819619e-75
     8   186  1.0670317579528317e-74
     6   186  1.5807298715280643e-74
     4   186  2.0574281983906054e-74
     2   186  2.3975071192044612e-74
     0   186  2.5210651158042399e-74
    -2   186  2.3975071192044612e-74
    -4   186  2.0574281983906054e-74
    -6   186  1.5807298715280643e-74
    -8   186  1.0670317579528317e-74
   -10   186  6.0368808022819619e-75
   -12   186  2.4768918103699078e-75
    13   185  8.6293599201876674e-75
    11   185  3.1092045186659662e-74
     9   185  6.2550895124609312e-74
     7   185  1.0014223749090397e-73
     5   185  1.3832320260582943e-73
     3   185  1.6986561368019353e-73
     1   185  1.8778784288512456e-73
    -1   185  1.8778784288512456e-73
    -3   185  1.6986561368019353e-73
    -5   185  1.3832320260582943e-73
    -7   185  1.0014223749090397e-73
    -9   185  6.2550895124609312e-74
   -11   185  3.1092045186659662e-74
   -13   185  8.6293599201876674e-75
    12   184  1.3860364900228913e-73
    10   184  3.4016066737043767e-73
     8   184  6.0032511878211206e-73
     6   184  8.8619670450433341e-73
     4   184  1.1497868643300231e-72
     2   184  1.3370399978113942e-72
     0   184  1.4049289394217507e-72
    -2   184  1.3370399978113942e-72
    -4   184  1.1497868643300231e-72
    -6   184  8.8619670450433341e-73
    -8   184  6.0032511878211206e-73
   -10   184  3.4016066737043767e-73
   -12   184  1.3860364900228913e-73
    13   183  4.5848817859907159e-73
    11   183  1.6758965759137986e-72
     9   183  3.3802914087994930e-72
     7   183  5.3973285379298100e-72
     5   183  7.4310534265656010e-72
     3   183  9.1026879029182664e-72
     1   183  1.0049612657814701e-71
    -1   183  1.0049612657814701e-71
    -3   183  9.1026879029182664e-72
    -5   183  7.4310534265656010e-72
    -7   183  5.3973285379298100e-72
    -9   183  3.3802914087994930e-72
   -11   183  1.6758965759137986e-72
   -13   183  4.5848817859907159e-73
    12   182  7.1131188771796999e-72
    10   182  1.7638716814482120e-71
     8   182  3.1112997266623970e-71
     6   182  4.5794159556169833e-71
     4   182  5.9251899859309849e-71
     2   182  6.8775148112928508e-71
     0   182  7.2221079352996992e-71
    -2   182  6.8775148112928508e-71
    -4   182  5.9251899859309849e-71
    -6   182  4.5794159556169833e-71
    -8   182  3.1112997266623970e-71
   -10   182  1.7638716814482120e-71
   -12   182  7.1131188771796999e-72
    13   181  2.2266891640638563e-71
    11   181  8.3138951706540653e-71
     9   181  1.6842587727433778e-70
     7   181  2.6839303861748334e-70
     5   181  3.6850835093096359e-70
     3   181  4.5041765300409381e-70
     1   181  4.9668650871426964e-70
    -1   181  4.9668650871426964e-70
    -3   181  4.5041765300409381e-70
    -5   181  3.6850835093096359e-70
    -7   181  2.6839303861748334e-70
    -9   181  1.6842587727433778e-70
   -11   181  8.3138951706540653e-71
   -13   181  2.2266891640638563e-71
    12   180  3.3536535549575683e-70
    10   180  8.4388516052526983e-70
     8   180  1.4891088941828348e-69
     6   180  2.1865185602118481e-69
     4   180  2.8223910189146387e-69
     2   180  3.2707551348472931e-69
     0   180  3.4327007630182713e-69
    -2   180  3.2707551348472931e-69
    -4   180  2.8223910189146387e-69
    -6   180  2.1865185602118481e-69
    -8   180  1.4891088941828348e-69
   -10   180  8.4388516052526983e-70
   -12   180  3.3536535549575683e-70
    13   179  9.8739041560203509e-70
    11   179  3.8050549284252257e-69
     9   179  7.7564420598763979e-69
     7   179  1.2343070975291263e-68
     5   179  1.6908094407456436e-68
     3   179  2.0627099070302029e-68
     1   179  2.2722453110915546e-68
    -1   179  2.2722453110915546e-68
    -3   179  2.0627099070302029e-68
    -5   179  1.6908094407456436e-68
    -7   179  1.2343070975291263e-68
    -9   179  7.7564420598763979e-69
   -11   179  3.8050549284252257e-69
   -13   179  9.8739041560203509e-70
    12   178  1.4544106921594448e-68
    10   178  3.7341336138564384e-68
     8   178  6.5969926728479882e-68
     6   178  9.6681019438261360e-68
     4   178  1.2454572136460711e-67
     2   178  1.4412896673876785e-67
     0   178  1.5119049371391580e-67
    -2   178  1.4412896673876785e-67
    -4   178  1.2454572136460711e-67
    -6   178  9.6681019438261360e-68
    -8   178  6.5969926728479882e-68
   -10   178  3.7341336138564384e-68
   -12   178  1.4544106921594448e-68
    13   177  3.9812243653146181e-68
    11   177  1.6103266999711684e-67
     9   177  3.3090887551962583e-67
     7   177  5.2612813772956676e-67
     5   177  7.1933733481109640e-67
     3   177  8.7612639645228116e-67
     1   177  9.6425273468293239e-67
    -1   177  9.6425273468293239e-67
    -3   177  8.7612639645228116e-67
    -5   177  7.1933733481109640e-67
    -7   177  5.2612813772956676e-67
    -9   177  3.3090887551962583e-67
   -11   177  1.6103266999711684e-67
   -13   177  3.9812243653146181e-68
    12   176  5.8059508260715882e-67
    10   176  1.5317689299434587e-66
     8   176  2.7110374436110332e-66
     6   176  3.9672494387689978e-66
     4   176  5.1019922624257287e-66
     2   176  5.8970635894773494e-66
     0   176  6.1833155033327519e-66
    -2   176  5.8970635894773494e-66
    -4   176  5.1019922624257287e-66
    -6   176  3.9672494387689978e-66
    -8   176  2.7110374436110332e-66
   -10   176  1.5317689299434587e-66
   -12   176  5.8059508260715882e-67
    13   175  1.4443507263753860e-66
    11   175  6.3164871793392591e-66
     9   175  1.3106088641736079e-65
     7   175  2.0828956720729142e-65
     5   175  2.8434090603324876e-65
     3   175  3.4583561791163575e-65
     1   175  3.8032315925406587e-65
    -1   175  3.8032315925406587e-65
    -3   175  3.4583561791163575e-65
    -5   175  2.8434090603324876e-65
    -7   175  2.0828956720729142e-65
    -9   175  1.3106088641736079e-65
   -11   175  6.3164871793392591e-66
   -13   175  1.4443507263753860e-66
    12   174  2.1340395081875523e-65
    10   174  5.8379815314406212e-65
     8   174  1.0355346652334019e-64
     6   174  1.5137458065512853e-64
     4   174  1.9439923381104668e-64
     2   174  2.2446006580292891e-64
     0   174  2.3526741478716541e-64
    -2   174  2.2446006580292891e-64
    -4   174  1.9439923381104668e-64
    -6   174  1.5137458065512853e-64
    -8   174  1.0355346652334019e-64
   -10   174  5.8379815314406212e-65
   -12   174  2.1340395081875523e-65
    13   173  4.5913153851102996e-65
    11   173  2.3023113089081713e-64
     9   173  4.8285667563282710e-64
     7   173  7.6733149083511653e-64
     5   173  1.0462531823224804e-63
     3   173  1.2710439654223657e-63
     1   173  1.3968508902964525e-63
    -1   173  1.3968508902964525e-63
    -3   173  1.2710439654223657e-63
    -5   173  1.0462531823224804e-63
    -7   173  7.6733149083511653e-64
    -9   173  4.8285667563282710e-64
   -11   173  2.3023113089081713e-64
   -13   173  4.5913153851102996e-65
    12   172  7.2268406303776430e-64
    10   172  2.0717165057991917e-63
     8   172  3.6833390284257372e-63
     6   172  5.3806129245966463e-63
     4   172  6.9021518977723843e-63
     2   172  7.9624453675493907e-63
     0   172  8.3431280349283736e-63
    -2   172  7.9624453675493907e-63
    -4   172  6.9021518977723843e-63
    -6   172  5.3806129245966463e-63
    -8   172  3.6833390284257372e-63
   -10   172  2.0717165057991917e-63
   -12   172  7.2268406303776430e-64
    13   171  1.1815939041181219e-63
    11   171  7.8222532370960474e-63
     9   171  1.6578158904207285e-62
     7   171  2.6352130161070082e-62
     5   171  3.5900098206342082e-62
     3   171  4.3571524602768576e-62
     1   171  4.7856650521670317e-62
    -1   171  4.7856650521670317e-62
    -3   171  4.3571524602768576e-62
    -5   171  3.5900098206342082e-62
    -7   171  2.6352130161070082e-62
    -9   171  1.6578158904207285e-62
   -11   171  7.8222532370960474e-63
   -13   171  1.1815939041181219e-63
    12   170  2.2642033341997149e-62
    10   170  6.8589869405441318e-62
     8   170  1.2221305238736295e-61
     6   170  1.7847459818641824e-61
     4   170  2.2874560960393674e-61
     2   170  2.6369123852636218e-61
     0   170  2.7622230118113736e-61
    -2   170  2.6369123852636218e-61
    -4   170  2.2874560960393674e-61
    -6   170  1.7847459818641824e-61
    -8   170  1.2221305238736295e-61
   -10   170  6.8589869405441318e-62
   -12   170  2.2642033341997149e-62
    13   169  1.6494719113022039e-62
    11   169  2.4867306698795682e-61
     9   169  5.3130356874175225e-61
     7   169  8.4507349431812646e-61
     5   169  1.1506410187231924e-60
     3   169  1.3954485468892711e-60
     1   169  1.5319468976285563e-60
    -1   169  1.5319468976285563e-60
    -3   169  1.3954485468892711e-60
    -5   169  1.1506410187231924e-60
    -7   169  8.4507349431812646e-61
    -9   169  5.3130356874175225e-61
   -11   169  2.4867306698795682e-61
   -13   169  1.6494719113022039e-62
    12   168  6.6904598030762638e-61
    10   168  2.1220497948729091e-60
     8   168  3.7887122394387336e-60
     6   168  5.5334036076796102e-60
     4   168  7.0875823439175100e-60
     2   168  8.1654641623111858e-60
     0   168  8.5515292074389825e-60
    -2   168  8.1654641623111858e-60
    -4   168  7.0875823439175100e-60
    -6   168  5.5334036076796102e-60
    -8   168  3.7887122394387336e-60
   -10   168  2.1220497948729091e-60
   -12   168  6.6904598030762638e-61
    11   167  7.4205343498948359e-60
     9   167  1.5917545439875110e-59
     7   167  2.5345719287025647e-59
     5   167  3.4502509400065881e-59
     3   167  4.1818576359528213e-59
     1   167  4.5890921690039289e-59
    -1   167  4.5890921690039289e-59
    -3   167  4.1818576359528213e-59
    -5   167  3.4502509400065881e-59
    -7   167  2.5345719287025647e-59
    -9   167  1.5917545439875110e-59
   -11   167  7.4205343498948359e-60
    12   166  1.9291967196131860e-59
    10   166  6.1410618265123202e-59
     8   166  1.0990584283630557e-58
     6   166  1.6059939749262472e-58
     4   166  2.0562632452302257e-58
     2   166  2.3678595679569434e-58
     0   166  2.4793429777994042e-58
    -2   166  2.3678595679569434e-58
    -4   166  2.0562632452302257e-58
    -6   166  1.6059939749262472e-58
    -8   166  1.0990584283630557e-58
   -10   166  6.1410618265123202e-59
   -12   166  1.9291967196131860e-59
    11   165  2.0734094851713043e-58
     9   165  4.4640763691418437e-58
     7   165  7.1202090603690322e-58
     5   165  9.6932664517771433e-58
     3   165  1.1743720796936543e-57
     1   165  1.2883255297156130e-57
    -1   165  1.2883255297156130e-57
    -3   165  1.1743720796936543e-57
    -5   165  9.6932664517771433e-58
    -7   165  7.1202090603690322e-58
    -9   165  4.4640763691418437e-58
   -11   165  2.0734094851713043e-58
    12   164  5.2047189389798961e-58
    10   164  1.6639083645222812e-57
     8   164  2.9876436054918334e-57
     6   164  4.3697627269843799e-57
     4   164  5.5939071960253478e-57
     2   164  6.4392878632315452e-57
     0   164  6.7414444627193377e-57
    -2   164  6.4392878632315452e-57
    -4   164  5.5939071960253478e-57
    -6   164  4.3697627269843799e-57
    -8   164  2.9876436054918334e-57
   -10   164  1.6639083645222812e-57
   -12   164  5.2047189389798961e-58
    11   163  5.4238171926538672e-57
     9   163  1.1735354005992469e-56
     7   163  1.8761607079356016e-56
     5   163  2.5550779086088435e-56
     3   163  3.0947402927842942e-56
     1   163  3.3942114190899369e-56
    -1   163  3.3942114190899369e-56
    -3   163  3.0947402927842942e-56
    -5   163  2.5550779086088435e-56
    -7   163  1.8761607079356016e-56
    -9   163  1.1735354005992469e-56
   -11   163  5.4238171926538672e-57
    12   162  1.3143059564008823e-56
    10   162  4.2260922695105600e-56
     8   162  7.6209126394589948e-56
     6   162  1.1161597193074617e-55
     4   162  1.4288737714039082e-55
     2   162  1.6444070616166537e-55
     0   162  1.7213713352049893e-55
    -2   162  1.6444070616166537e-55
    -4   162  1.4288737714039082e-55
    -6   162  1.1161597193074617e-55
    -8   162  7.6209126394589948e-56
   -10   162  4.2260922695105600e-56
   -12   162  1.3143059564008823e-56
    11   161  1.3295578965373936e-55
     9   161  2.8955133870842291e-55
     7   161  4.6431753744464834e-55
     5   161  6.3273983088308753e-55
     3   161  7.6628902252971855e-55
     1   161  8.4029644314225817e-55
    -1   161  8.4029644314225817e-55
    -3   161  7.6628902252971855e-55
    -5   161  6.3273983088308753e-55
    -7   161  4.6431753744464834e-55
    -9   161  2.8955133870842291e-55
   -11   161  1.3295578965373936e-55
    12   160  3.1082364696577757e-55
    10   160  1.0072803626688693e-54
     8   160  1.8264853344109507e-54
     6   160  2.6798451429917601e-54
     4   160  3.4313782461123141e-54
     2   160  3.9484034552999638e-54
     0   160  4.1328691131863720e-54
    -2   160  3.9484034552999638e-54
    -4   160  3.4313782461123141e-54
    -6   160  2.6798451429917601e-54
    -8   160  1.8264853344109507e-54
   -10   160  1.0072803626688693e-54
   -12   160  3.1082364696577757e-55
    11   159  3.0563833687392292e-54
     9   159  6.7134174221028040e-54
     7   159  1.0806300979270763e-53
     5   159  1.4739228635011711e-53
     3   159  1.7850406319236278e-53
     1   159  1.9572308758778087e-53
    -1   159  1.9572308758778087e-53
    -3   159  1.7850406319236278e-53
    -5   159  1.4739228635011711e-53
    -7   159  1.0806300979270763e-53
    -9   159  6.7134174221028040e-54
   -11   159  3.0563833687392292e-54
    12   158  6.8848655009569305e-54
    10   158  2.2552303702131637e-53
     8   158  4.1180465777424263e-53
     6   158  6.0553436895569601e-53
     4   158  7.7564624779384914e-53
     2   158  8.9247515357165479e-53
     0   158  9.3412547296862049e-53
    -2   158  8.9247515357165479e-53
    -4   158  7.7564624779384914e-53
    -6   158  6.0553436895569601e-53
    -8   158  4.1180465777424263e-53
   -10   158  2.2552303702131637e-53
   -12   158  6.8848655009569305e-54
    11   157  6.5916990941949608e-53
     9   157  1.4643637142088058e-52
     7   157  2.3679833704622298e-52
     5   157  3.2334452079652385e-52
     3   157  3.9165113892560653e-52
     1   157  4.2941263698777670e-52
    -1   157  4.2941263698777670e-52
    -3   157  3.9165113892560653e-52
    -5   157  3.2334452079652385e-52
    -7   157  2.3679833704622298e-52
    -9   157  1.4643637142088058e-52
   -11   157  6.5916990941949608e-53
    12   156  1.4275022484074045e-52
    10   156  4.7472113911606864e-52
     8   156  8.7447263596011080e-52
     6   156  1.2891903769528201e-51
     4   156  1.6522494004476794e-51
     2   156  1.9011989752591181e-51
     0   156  1.9898900866061798e-51
    -2   156  1.9011989752591181e-51
    -4   156  1.6522494004476794e-51
    -6   156  1.2891903769528201e-51
    -8   156  8.7447263596011080e-52
   -10   156  4.7472113911606864e-52
   -12   156  1.4275022484074045e-52
    11   155  1.3338094168874892e-51
     9   155  3.0083241235162977e-51
     7   155  4.8912359034861072e-51
     5   155  6.6877935975907696e-51
     3   155  8.1026777564137901e-51
     1   155  8.8840685021751643e-51
    -1   155  8.8840685021751643e-51
    -3   155  8.1026777564137901e-51
    -5   155  6.6877935975907696e-51
    -7   155  4.8912359034861072e-51
    -9   155  3.0083241235162977e-51
   -11   155  1.3338094168874892e-51
    12   154  2.7653488743845407e-51
    10   154  9.4021972838078267e-51
     8   154  1.7509757722409335e-50
     6   154  2.5889389889444707e-50
     4   154  3.3202799116328108e-50
     2   154  3.8210682889508242e-50
     0   154  3.9993719833377243e-50
    -2   154  3.8210682889508242e-50
    -4   154  3.3202799116328108e-50
    -6   154  2.5889389889444707e-50
    -8   154  1.7509757722409335e-50
   -10   154  9.4021972838078267e-51
   -12   154  2.7653488743845407e-51
    11   153  2.5308450796578087e-50
     9   153  5.8271232243523312e-50
     7   153  9.5339616518354825e-50
     5   153  1.3055288864128463e-49
     3   153  1.5823149460782633e-49
     1   153  1.7350416900148699e-49
    -1   153  1.7350416900148699e-49
    -3   153  1.5823149460782633e-49
    -5   153  1.3055288864128463e-49
    -7   153  9.5339616518354825e-50
    -9   153  5.8271232243523312e-50
   -11   153  2.5308450796578087e-50
    12   152  4.9835330844147104e-50
    10   152  1.7534023765436397e-49
     8   152  3.3096556301255976e-49
     6   152  4.9091357606159183e-49
     4   152  6.3009629165551295e-49
     2   152  7.2529228542391815e-49
     0   152  7.5916866205854053e-49
    -2   152  7.2529228542391815e-49
    -4   152  6.3009629165551295e-49
    -6   152  4.9091357606159183e-49
    -8   152  3.3096556301255976e-49
   -10   152  1.7534023765436397e-49
   -12   152  4.9835330844147104e-50
    11   151  4.4969173865056367e-49
     9   151  1.0654828771052036e-48
     7   151  1.7554849736550408e-48
     5   151  2.4077501534688036e-48
     3   151  2.9196221141144951e-48
     1   151  3.2018623419937654e-48
    -1   151  3.2018623419937654e-48
    -3   151  2.9196221141144951e-48
    -5   151  2.4077501534688036e-48
    -7   151  1.7554849736550408e-48
    -9   151  1.0654828771052036e-48
   -11   151  4.4969173865056367e-49
    12   150  8.2731373100482719e-49
    10   150  3.0815057134105608e-48
     8   150  5.9120529682533981e-48
     6   150  8.7981867545601329e-48
     4   150  1.1303041250318501e-47
     2   150  1.3014738490284766e-47
     0   150  1.3623583713709678e-47
    -2   150  1.3014738490284766e-47
    -4   150  1.1303041250318501e-47
    -6   150  8.7981867545601329e-48
    -8   150  5.9120529682533981e-48
   -10   150  3.0815057134105608e-48
   -12   150  8.2731373100482719e-49
    11   149  7.4634285659633160e-48
     9   149  1.8414935418868813e-47
     7   149  3.0564583308050382e-47
     5   149  4.1992249446831034e-47
     3   149  5.0949778107230540e-47
     1   149  5.5885939578359429e-47
    -1   149  5.5885939578359429e-47
    -3   149  5.0949778107230540e-47
    -5   149  4.1992249446831034e-47
    -7   149  3.0564583308050382e-47
    -9   149  1.8414935418868813e-47
   -11   149  7.4634285659633160e-48
    12   148  1.2346639759243657e-47
    10   148  5.1104253539882720e-47
     8   148  9.9912640486072625e-47
     6   148  1.4917168021078969e-46
     4   148  1.9184104938811453e-46
     2   148  2.2098071656844818e-46
     0   148  2.3134135310851001e-46
    -2   148  2.2098071656844818e-46
    -4   148  1.9184104938811453e-46
    -6   148  1.4917168021078969e-46
    -8   148  9.9912640486072625e-47
   -10   148  5.1104253539882720e-47
   -12   148  1.2346639759243657e-47
    11   147  1.1528542695782954e-46
     9   147  3.0129140560631441e-46
     7   147  5.0365579246160403e-46
     5   147  6.9318454932577145e-46
     3   147  8.4165169428897916e-46
     1   147  9.2342587873820833e-46
    -1   147  9.2342587873820833e-46
    -3   147  8.4165169428897916e-46
    -5   147  6.9318454932577145e-46
    -7   147  5.0365579246160403e-46
    -9   147  3.0129140560631441e-46
   -11   147  1.1528542695782954e-46
    12   146  1.5372986639050240e-46
    10   146  8.0190386882258974e-46
     8   146  1.5990759968022385e-45
     6   146  2.3947386251081632e-45
     4   146  3.0833839266310634e-45
     2   146  3.5534721724068630e-45
     0   146  3.7205469489975928e-45
    -2   146  3.5534721724068630e-45
    -4   146  3.0833839266310634e-45
    -6   146  2.3947386251081632e-45
    -8   146  1.5990759968022385e-45
   -10   146  8.0190386882258974e-46
   -12   146  1.5372986639050240e-46
    11   145  1.6553362031888107e-45
     9   145  4.6743863212024990e-45
     7   145  7.8613560596485606e-45
     5   145  1.0839758602795488e-44
     3   145  1.3172579392450009e-44
     1   145  1.4456885548021860e-44
    -1   145  1.4456885548021860e-44
    -3   145  1.3172579392450009e-44
    -5   145  1.0839758602795488e-44
    -7   145  7.8613560596485606e-45
    -9   145  4.6743863212024990e-45
   -11   145  1.6553362031888107e-45
    12   144  1.0784824200133395e-45
    10   144  1.1968107228308155e-44
     8   144  2.4257004814240129e-44
     6   144  3.6429828292820836e-44
     4   144  4.6969678663842996e-44
     2   144  5.4162162068089559e-44
     0   144  5.6717418828489666e-44
    -2   144  5.4162162068089559e-44
    -4   144  4.6969678663842996e-44
    -6   144  3.6429828292820836e-44
    -8   144  2.4257004814240129e-44
   -10   144  1.1968107228308155e-44
   -12   144  1.0784824200133395e-45
    11   143  2.2602247296965257e-44
     9   143  6.8856246537781140e-44
     7   143  1.1631019675556698e-43
     5   143  1.6070634244403414e-43
     3   143  1.9548528293480456e-43
     1   143  2.1462316384402910e-43
    -1   143  2.1462316384402910e-43
    -3   143  1.9548528293480456e-43
    -5   143  1.6070634244403414e-43
    -7   143  1.1631019675556698e-43
    -9   143  6.8856246537781140e-44
   -11   143  2.2602247296965257e-44
    10   142  1.7098640843809513e-43
     8   142  3.4892490369979127e-43
     6   142  5.2554991967687464e-43
     4   142  6.7867107898420790e-43
     2   142  7.8312562713041903e-43
     0   142  8.2021855283402194e-43
    -2   142  7.8312562713041903e-43
    -4   142  6.7867107898420790e-43
    -6   142  5.2554991967687464e-43
    -8   142  3.4892490369979127e-43
   -10   142  1.7098640843809513e-43
    11   141  3.1448440516062855e-43
     9   141  9.6267631917505724e-43
     7   141  1.6322116345951033e-42
     5   141  2.2606145898068797e-42
     3   141  2.7529754718881795e-42
     1   141  3.0237563599313044e-42
    -1   141  3.0237563599313044e-42
    -3   141  2.7529754718881795e-42
    -5   141  2.2606145898068797e-42
    -7   141  1.6322116345951033e-42
    -9   141  9.6267631917505724e-43
   -11   141  3.1448440516062855e-43
    10   140  2.3230138125710313e-42
     8   140  4.7609045635431298e-42
     6   140  7.1953169456886066e-42
     4   140  9.3086280694802963e-42
     2   140  1.0749565798463311e-41
     0   140  1.1261005876577991e-41
    -2   140  1.0749565798463311e-41
    -4   140  9.3086280694802963e-42
    -6   140  7.1953169456886066e-42
    -8   140  4.7609045635431298e-42
   -10   140  2.3230138125710313e-42
    11   139  4.1524480641438029e-42
     9   139  1.2764419720642401e-41
     7   139  2.1740240474220091e-41
     5   139  3.0194297235959615e-41
     3   139  3.6818019914079810e-41
     1   139  4.0458399410219210e-41
    -1   139  4.0458399410219210e-41
    -3   139  3.6818019914079810e-41
    -5   139  3.0194297235959615e-41
    -7   139  2.1740240474220091e-41
    -9   139  1.2764419720642401e-41
   -11   139  4.1524480641438029e-42
    10   138  2.9919215019181518e-41
     8   138  6.1652011248263766e-41
     6   138  9.3557515587424195e-41
     4   138  1.2128723901159529e-40
     2   138  1.4018151873307808e-40
     0   138  1.4688409902870719e-40
    -2   138  1.4018151873307808e-40
    -4   138  1.2128723901159529e-40
    -6   138  9.3557515587424195e-41
    -8   138  6.1652011248263766e-41
   -10   138  2.9919215019181518e-41
    11   137  5.1951245308293184e-41
     9   137  1.6057442087285052e-40
     7   137  2.7502655141582892e-40
     5   137  3.8321326611442775e-40
     3   137  4.6794886058769430e-40
     1   137  5.1448246461201552e-40
    -1   137  5.1448246461201552e-40
    -3   137  4.6794886058769430e-40
    -5   137  3.8321326611442775e-40
    -7   137  2.7502655141582892e-40
    -9   137  1.6057442087285052e-40
   -11   137  5.1951245308293184e-41
    10   136  3.6535416280805418e-40
     8   136  7.5814630540242620e-40
     6   136  1.1561224112216711e-39
     4   136  1.5022856905788542e-39
     2   136  1.7379312833768388e-39
     0   136  1.8214749911267697e-39
    -2   136  1.7379312833768388e-39
    -4   136  1.5022856905788542e-39
    -6   136  1.1561224112216711e-39
    -8   136  7.5814630540242620e-40
   -10   136  3.6535416280805418e-40
    11   135  6.1568000508418489e-40
     9   135  1.9171383532489731e-39
     7   135  3.3066721273875221e-39
     5   135  4.6245989453205797e-39
     3   135  5.6560365544306628e-39
     1   135  6.2219475406790462e-39
    -1   135  6.2219475406790462e-39
    -3   135  5.6560365544306628e-39
    -5   135  4.6245989453205797e-39
    -7   135  3.3066721273875221e-39
    -9   135  1.9171383532489731e-39
   -11   135  6.1568000508418489e-40
    10   134  4.2295452804895718e-39
     8   134  8.8580255002420447e-39
     6   134  1.3586912064412854e-38
     4   134  1.7700675813996030e-38
     2   134  2.0497647724518558e-38
     0   134  2.1488658210250232e-38
    -2   134  2.0497647724518558e-38
    -4   134  1.7700675813996030e-38
    -6   134  1.3586912064412854e-38
    -8   134  8.8580255002420447e-39
   -10   134  4.2295452804895718e-39
    11   133  6.9058612945863553e-39
     9   133  2.1728160714934505e-38
     7   133  3.7808816142697451e-38
     5   133  5.3102609578944347e-38
     3   133  6.5055520448591294e-38
     1   133  7.1607118106497079e-38
    -1   133  7.1607118106497079e-38
    -3   133  6.5055520448591294e-38
    -5   133  5.3102609578944347e-38
    -7   133  3.7808816142697451e-38
    -9   133  2.1728160714934505e-38
   -11   133  6.9058612945863553e-39
    10   132  4.6394075759754894e-38
     8   132  9.8382605200802919e-38
     6   132  1.5195677714787701e-37
     4   132  1.9852091299224793e-37
     2   132  2.3013307435702252e-37
     0   132  2.4132734610138414e-37
    -2   132  2.3013307435702252e-37
    -4   132  1.9852091299224793e-37
    -6   132  1.5195677714787701e-37
    -8   132  9.8382605200802919e-38
   -10   132  4.6394075759754894e-38
    11   131  7.3177197841069590e-38
     9   131  2.3378125124470518e-37
     7   131  4.1139954973142924e-37
     5   131  5.8055916532320046e-37
     3   131  7.1249696144397094e-37
     1   131  7.8474258671093368e-37
    -1   131  7.8474258671093368e-37
    -3   131  7.1249696144397094e-37
    -5   131  5.8055916532320046e-37
    -7   131  4.1139954973142924e-37
    -9   131  2.3378125124470518e-37
   -11   131  7.3177197841069590e-38
    10   130  4.8162452062620622e-37
     8   130  1.0392559476284634e-36
     6   130  1.6184184634666050e-36
     4   130  2.1206449247884082e-36
     2   130  2.4610389679774216e-36
     0   130  2.5815216519977752e-36
    -2   130  2.4610389679774216e-36
    -4   130  2.1206449247884082e-36
    -6   130  1.6184184634666050e-36
    -8   130  1.0392559476284634e-36
   -10   130  4.8162452062620622e-37
    11   129  7.2966444615561858e-37
     9   129  2.3876632751861319e-36
     7   129  4.2628873118564734e-36
     5   129  6.0469481755714023e-36
     3   129  7.4347093186220163e-36
     1   129  8.1939639357001942e-36
    -1   129  8.1939639357001942e-36
    -3   129  7.4347093186220163e-36
    -5   129  6.0469481755714023e-36
    -7   129  4.2628873118564734e-36
    -9   129  2.3876632751861319e-36
   -11   129  7.2966444615561858e-37
    10   128  4.7210385265219515e-36
     8   128  1.0447603562326600e-35
     6   128  1.6425647425285085e-35
     4   128  2.1588724030247011e-35
     2   128  2.5082481147905706e-35
     0   128  2.6318789045800489e-35
    -2   128  2.5082481147905706e-35
    -4   128  2.1588724030247011e-35
    -6   128  1.6425647425285085e-35
    -8   128  1.0447603562326600e-35
   -10   128  4.7210385265219515e-36
    11   127  6.7871395095798825e-36
     9   127  2.3144558235467390e-35
     7   127  4.2096634498110437e-35
     5   127  6.0040225845847700e-35
     3   127  7.3955168745518347e-35
     1   127  8.1564189764261832e-35
    -1   127  8.1564189764261832e-35
    -3   127  7.3955168745518347e-35
    -5   127  6.0040225845847700e-35
    -7   127  4.2096634498110437e-35
    -9   127  2.3144558235467390e-35
   -11   127  6.7871395095798825e-36
    10   126  4.3514130133662790e-35
     8   126  1.0004152728695740e-34
     6   126  1.5896506605789376e-34
     4   126  2.0956528149867451e-34
     2   126  2.4376481014186007e-34
     0   126  2.5586721976478565e-34
    -2   126  2.4376481014186007e-34
    -4   126  2.0956528149867451e-34
    -6   126  1.5896506605789376e-34
    -8   126  1.0004152728695740e-34
   -10   126  4.3514130133662790e-35
    11   125  5.7623312640487738e-35
     9   125  2.1297478344006601e-34
     7   125  3.9652842012561168e-34
     5   125  5.6859426327092184e-34
     3   125  7.0165621880355549e-34
     1   125  7.7441816669791952e-34
    -1   125  7.7441816669791952e-34
    -3   125  7.0165621880355549e-34
    -5   125  5.6859426327092184e-34
    -7   125  3.9652842012561168e-34
    -9   125  2.1297478344006601e-34
   -11   125  5.7623312640487738e-35
    10   124  3.7445677998938441e-34
     8   124  9.1373593480986492e-34
     6   124  1.4679017718908400e-33
     4   124  1.9407207505408527e-33
     2   124  2.2601888549997977e-33
     0   124  2.3732819979562705e-33
    -2   124  2.2601888549997977e-33
    -4   124  1.9407207505408527e-33
    -6   124  1.4679017718908400e-33
    -8   124  9.1373593480986492e-34
   -10   124  3.7445677998938441e-34
    11   123  4.1669260106472375e-34
     9   123  1.8639290039385590e-33
     7   123  3.5660787658142289e-33
     5   123  5.1383754905788919e-33
     3   123  6.3525261932325694e-33
     1   123  7.0168766860074130e-33
    -1   123  7.0168766860074130e-33
    -3   123  6.3525261932325694e-33
    -5   123  5.1383754905788919e-33
    -7   123  3.5660787658142289e-33
    -9   123  1.8639290039385590e-33
   -11   123  4.1669260106472375e-34
    10   122  2.9833305398635077e-33
     8   122  7.9775911528171089e-33
     6   122  1.2939732886180936e-32
     4   122  1.7153706570615311e-32
     2   122  2.0003516515884635e-32
     0   122  2.1012980848472125e-32
    -2   122  2.0003516515884635e-32
    -4   122  1.7153706570615311e-32
    -6   122  1.2939732886180936e-32
    -8   122  7.9775911528171089e-33
   -10   122  2.9833305398635077e-33
    11   121  1.7515499585906194e-33
     9   121  1.5619436627252669e-32
     7   121  3.0642260726462627e-32
     5   121  4.4328812380852181e-32
     3   121  5.4908453171500770e-32
     1   121  6.0703954041895251e-32
    -1   121  6.0703954041895251e-32
    -3   121  5.4908453171500770e-32
    -5   121  4.4328812380852181e-32
    -7   121  3.0642260726462627e-32
    -9   121  1.5619436627252669e-32
   -11   121  1.7515499585906194e-33
    10   120  2.2433235769280065e-32
     8   120  6.6729219037796832e-32
     6   120  1.0892078911812799e-31
     4   120  1.4477391812405460e-31
     2   120  1.6906824936609092e-31
     0   120  1.7767984675086398e-31
    -2   120  1.6906824936609092e-31
    -4   120  1.4477391812405460e-31
    -6   120  1.0892078911812799e-31
    -8   120  6.6729219037796832e-32
   -10   120  2.2433235769280065e-32
     9   119  1.2694287811880598e-31
     7   119  2.5158328422644840e-31
     5   119  3.6519956690032359e-31
     3   119  4.5331481509748523e-31
     1   119  5.0164765252987330e-31
    -1   119  5.0164765252987330e-31
    -3   119  4.5331481509748523e-31
    -5   119  3.6519956690032359e-31
    -7   119  2.5158328422644840e-31
    -9   119  1.2694287811880598e-31
    10   118  1.7839642800611945e-31
     8   118  5.3429037791390981e-31
     6   118  8.7558720621184638e-31
     4   118  1.1671910478786067e-30
     2   118  1.3652449888243475e-30
     0   118  1.4354912657447077e-30
    -2   118  1.3652449888243475e-30
    -4   118  1.1671910478786067e-30
    -6   118  8.7558720621184638e-31
    -8   118  5.3429037791390981e-31
   -10   118  1.7839642800611945e-31
     9   117  9.9112242614972124e-31
     7   117  1.9724714923738929e-30
     5   117  2.8741452825819215e-30
     3   117  3.5761954077102123e-30
     1   117  3.9617276017406159e-30
    -1   117  3.9617276017406159e-30
    -3   117  3.5761954077102123e-30
    -5   117  2.8741452825819215e-30
    -7   117  1.9724714923738929e-30
    -9   117  9.9112242614972124e-31
    10   116  1.3582737285122056e-30
     8   116  4.0834584094838874e-30
     6   116  6.7232260792668650e-30
     4   116  8.9928335736897210e-30
     2   116  1.0537642090810191e-29
     0   116  1.1085763582194904e-29
    -2   116  1.0537642090810191e-29
    -4   116  8.9928335736897210e-30
    -6   116  6.7232260792668650e-30
    -8   116  4.0834584094838874e-30
   -10   116  1.3582737285122056e-30
     9   115  7.3812179412264233e-30
     7   115  1.4767055870739209e-29
     5   115  2.1616710217308000e-29
     3   115  2.6970631389909440e-29
     1   115  2.9913085068167306e-29
    -1   115  2.9913085068167306e-29
    -3   115  2.6970631389909440e-29
    -5   115  2.1616710217308000e-29
    -7   115  1.4767055870739209e-29
    -9   115  7.3812179412264233e-30
    10   114  9.8564930377320430e-30
     8   114  2.9783223117826497e-29
     6   114  4.9326895398435124e-29
     4   114  6.6242579087260762e-29
     2   114  7.7775810873435150e-29
     0   114  8.1868168033779144e-29
    -2   114  7.7775810873435150e-29
    -4   114  6.6242579087260762e-29
    -6   114  4.9326895398435124e-29
    -8   114  2.9783223117826497e-29
   -10   114  9.8564930377320430e-30
     9   113  5.2409261536486389e-29
     7   113  1.0558562371515446e-28
     5   113  1.5543353520234241e-28
     3   113  1.9453244044148883e-28
     1   113  2.1602621649942025e-28
    -1   113  2.1602621649942025e-28
    -3   113  1.9453244044148883e-28
    -5   113  1.5543353520234241e-28
    -7   113  1.0558562371515446e-28
    -9   113  5.2409261536486389e-29
    10   112  6.8107484739967493e-29
     8   112  2.0727326729515378e-28
     6   112  3.4590577789408019e-28
     4   112  4.6670807216523805e-28
     2   112  5.4914880709924306e-28
     0   112  5.7839066285799068e-28
    -2   112  5.4914880709924306e-28
    -4   112  4.6670807216523805e-28
    -6   112  3.4590577789408019e-28
    -8   112  2.0727326729515378e-28
   -10   112  6.8107484739967493e-29
     9   111  3.5451681216849690e-28
     7   111  7.2110417519630697e-28
     5   111  1.0689300637947631e-27
     3   111  1.3424598411591467e-27
     1   111  1.4927565866557057e-27
    -1   111  1.4927565866557057e-27
    -3   111  1.3424598411591467e-27
    -5   111  1.0689300637947631e-27
    -7   111  7.2110417519630697e-28
    -9   111  3.5451681216849690e-28
    10   110  4.4734621679925907e-28
     8   110  1.3758951791267123e-27
     6   110  2.3192425120612361e-27
     4   110  3.1463171803379007e-27
     2   110  3.7106310502780197e-27
     0   110  3.9106295030740377e-27
    -2   110  3.7106310502780197e-27
    -4   110  3.1463171803379007e-27
    -6   110  2.3192425120612361e-27
    -8   110  1.3758951791267123e-27
   -10   110  4.4734621679925907e-28
     9   109  2.2813102763083311e-27
     7   109  4.7045202439995590e-27
     5   109  7.0337914754944821e-27
     3   109  8.8672866038177147e-27
     1   109  9.8734172902153269e-27
    -1   109  9.8734172902153269e-27
    -3   109  8.8672866038177147e-27
    -5   109  7.0337914754944821e-27
    -7   109  4.7045202439995590e-27
    -9   109  2.2813102763083311e-27
    10   108  2.7831897022406711e-27
     8   108  8.7059331876568792e-27
     6   108  1.4873759438246655e-26
     4   108  2.0304516069966195e-26
     2   108  2.4003582090974143e-26
     0   108  2.5312979175236866e-26
    -2   108  2.4003582090974143e-26
    -4   108  2.0304516069966195e-26
    -6   108  1.4873759438246655e-26
    -8   108  8.7059331876568792e-27
   -10   108  2.7831897022406711e-27
     9   107  1.3927512588050654e-26
     7   107  2.9323716501400281e-26
     5   107  4.4306998080106675e-26
     3   107  5.6082163545887144e-26
     1   107  6.2530199377863914e-26
    -1   107  6.2530199377863914e-26
    -3   107  5.6082163545887144e-26
    -5   107  4.4306998080106675e-26
    -7   107  2.9323716501400281e-26
    -9   107  1.3927512588050654e-26
    10   106  1.6276879257632870e-26
     8   106  5.2458102336957016e-26
     6   106  9.1287972146639507e-26
     4   106  1.2548746115675306e-25
     2   106  1.4870363248107776e-25
     0   106  1.5691057467493294e-25
    -2   106  1.4870363248107776e-25
    -4   106  1.2548746115675306e-25
    -6   106  9.1287972146639507e-26
    -8   106  5.2458102336957016e-26
   -10   106  1.6276879257632870e-26
     9   105  8.0255651854828455e-26
     7   105  1.7469560981615908e-25
     5   105  2.6732092311032584e-25
     3   105  3.3974683353206642e-25
     1   105  3.7930829879435473e-25
    -1   105  3.7930829879435473e-25
    -3   105  3.3974683353206642e-25
    -5   105  2.6732092311032584e-25
    -7   105  1.7469560981615908e-25
    -9   105  8.0255651854828455e-26
    10   104  8.7764646180266660e-26
     8   104  3.0069539028781551e-25
     6   104  5.3661908234266126e-25
     4   104  7.4302216922205579e-25
     2   104  8.8250401333545094e-25
     0   104  9.3176047856268230e-25
    -2   104  8.8250401333545094e-25
    -4   104  7.4302216922205579e-25
    -6   104  5.3661908234266126e-25
    -8   104  3.0069539028781551e-25
   -10   104  8.7764646180266660e-26
     9   103  4.3226377124423635e-25
     7   103  9.9585358579266822e-25
     5   103  1.5457001788095930e-24
     3   103  1.9720327399023410e-24
     1   103  2.2044500572487917e-24
    -1   103  2.2044500572487917e-24
    -3   103  1.9720327399023410e-24
    -5   103  1.5457001788095930e-24
    -7   103  9.9585358579266822e-25
    -9   103  4.3226377124423635e-25
    10   102  4.0942535236882849e-25
     8   102  1.6402417221919292e-24
     6   102  3.0245623952775462e-24
     4   102  4.2164047160062923e-24
     2   102  5.0185422446531087e-24
     0   102  5.3017789394878806e-24
    -2   102  5.0185422446531087e-24
    -4   102  4.2164047160062923e-24
    -6   102  3.0245623952775462e-24
    -8   102  1.6402417221919292e-24
   -10   102  4.0942535236882849e-25
     9   101  2.1415306162682126e-24
     7   101  5.4464594785677910e-24
     5   101  8.5697185114687771e-24
     3   101  1.0969898015039507e-23
     1   101  1.2278058710376611e-23
    -1   101  1.2278058710376611e-23
    -3   101  1.0969898015039507e-23
    -5   101  8.5697185114687771e-24
    -7   101  5.4464594785677910e-24
    -9   101  2.1415306162682126e-24
    10   100  1.1414865641039694e-24
     8   100  8.5740268464820240e-24
     6   100  1.6365021412811942e-23
     4   100  2.2935231478974532e-23
     2   100  2.7353083380958675e-23
     0   100  2.8914854113121726e-23
    -2   100  2.7353083380958675e-23
    -4   100  2.2935231478974532e-23
    -6   100  1.6365021412811942e-23
    -8   100  8.5740268464820240e-24
   -10   100  1.1414865641039694e-24
     9    99  9.8415528639633384e-24
     7    99  2.8697213669643916e-23
     5    99  4.5563464259233713e-23
     3    99  5.8491516184662090e-23
     1    99  6.5552927691192401e-23
    -1    99  6.5552927691192401e-23
    -3    99  5.8491516184662090e-23
    -5    99  4.5563464259233713e-23
    -7    99  2.8697213669643916e-23
    -9    99  9.8415528639633384e-24
     8    98  4.3870728732841450e-23
     6    98  8.5013445068613107e-23
     4    98  1.1958856407822020e-22
     2    98  1.4292194908890958e-22
     0    98  1.5118807955735604e-22
    -2    98  1.4292194908890958e-22
    -4    98  1.1958856407822020e-22
    -6    98  8.5013445068613107e-23
    -8    98  4.3870728732841450e-23
     9    97  4.9420953569271112e-23
     7    97  1.4565291441993210e-22
     5    97  2.3222461606192498e-22
     3    97  2.9898404072695294e-22
     1    97  3.3558211026332518e-22
    -1    97  3.3558211026332518e-22
    -3    97  2.9898404072695294e-22
    -5    97  2.3222461606192498e-22
    -7    97  1.4565291441993210e-22
    -9    97  4.9420953569271112e-23
     8    96  2.1756288603770609e-22
     6    96  4.2331711254808740e-22
     4    96  5.9771569237130118e-22
     2    96  7.1607123308000169e-22
     0    96  7.5809970986423712e-22
    -2    96  7.1607123308000169e-22
    -4    96  5.9771569237130118e-22
    -6    96  4.2331711254808740e-22
    -8    96  2.1756288603770609e-22
     9    95  2.3944839079981805e-22
     7    95  7.0818343346487604e-22
     5    95  1.1342118109033820e-21
     3    95  1.4653768045453605e-21
     1    95  1.6476410895480834e-21
    -1    95  1.6476410895480834e-21
    -3    95  1.4653768045453605e-21
    -5    95  1.1342118109033820e-21
    -7    95  7.0818343346487604e-22
    -9    95  2.3944839079981805e-22
     8    94  1.0323902298616170e-21
     6    94  2.0188269590519226e-21
     4    94  2.8639646782029129e-21
     2    94  3.4410084815475872e-21
     0    94  3.6463740500176775e-21
    -2    94  3.4410084815475872e-21
    -4    94  2.8639646782029129e-21
    -6    94  2.0188269590519226e-21
    -8    94  1.0323902298616170e-21
     9    93  1.1086682352552774e-21
     7    93  3.2948461990963517e-21
     5    93  5.3085182238293701e-21
     3    93  6.8880339048942306e-21
     1    93  7.7606056298322753e-21
    -1    93  7.7606056298322753e-21
    -3    93  6.8880339048942306e-21
    -5    93  5.3085182238293701e-21
    -7    93  3.2948461990963517e-21
    -9    93  1.1086682352552774e-21
     8    92  4.6815096490027332e-21
     6    92  9.2191704487022385e-21
     4    92  1.3157899688954799e-20
     2    92  1.5863458567926806e-20
     0    92  1.6828001785107848e-20
    -2    92  1.5863458567926806e-20
    -4    92  1.3157899688954799e-20
    -6    92  9.2191704487022385e-21
    -8    92  4.6815096490027332e-21
     9    91  4.8967409538934352e-21
     7    91  1.4658638384969175e-20
     5    91  2.3810569996290484e-20
     3    91  3.1059433986455265e-20
     1    91  3.5075737012772248e-20
    -1    91  3.5075737012772248e-20
    -3    91  3.1059433986455265e-20
    -5    91  2.3810569996290484e-20
    -7    91  1.4658638384969175e-20
    -9    91  4.8967409538934352e-21
     8    90  2.0254501118804550e-20
     6    90  4.0302179151438034e-20
     4    90  5.7975709801010053e-20
     2    90  7.0178592821695204e-20
     0    90  7.4532271039295423e-20
    -2    90  7.0178592821695204e-20
    -4    90  5.7975709801010053e-20
    -6    90  4.0302179151438034e-20
    -8    90  2.0254501118804550e-20
     9    89  2.0565977021245194e-20
     7    89  6.2296176666022859e-20
     5    89  1.0235877078235895e-19
     3    89  1.3438928602516389e-19
     1    89  1.5215957510610280e-19
    -1    89  1.5215957510610280e-19
    -3    89  1.3438928602516389e-19
    -5    89  1.0235877078235895e-19
    -7    89  6.2296176666022859e-20
    -9    89  2.0565977021245194e-20
     8    88  8.3366618371278677e-20
     6    88  1.6860388774926098e-19
     4    88  2.4506126028946142e-19
     2    88  2.9800172271342704e-19
     0    88  3.1687626987492027e-19
    -2    88  2.9800172271342704e-19
    -4    88  2.4506126028946142e-19
    -6    88  1.6860388774926098e-19
    -8    88  8.3366618371278677e-20
     9    87  8.1579951345293134e-20
     7    87  2.5247698517570176e-19
     5    87  4.2183502130606729e-19
     3    87  5.5814631206821456e-19
     1    87  6.3367242015438209e-19
    -1    87  6.3367242015438209e-19
    -3    87  5.5814631206821456e-19
    -5    87  4.2183502130606729e-19
    -7    87  2.5247698517570176e-19
    -9    87  8.1579951345293134e-20
     8    86  3.2460114689534400e-19
     6    86  6.7487053681328501e-19
     4    86  9.9417448438392927e-19
     2    86  1.2149211250772861e-18
     0    86  1.2934317611043301e-18
    -2    86  1.2149211250772861e-18
    -4    86  9.9417448438392927e-19
    -6    86  6.7487053681328501e-19
    -8    86  3.2460114689534400e-19
     9    85  3.0041990119102641e-19
     7    85  9.7359460015880870e-19
     5    85  1.6675583445917086e-18
     3    85  2.2258720823662329e-18
     1    85  2.5338133110454854e-18
    -1    85  2.5338133110454854e-18
    -3    85  2.2258720823662329e-18
    -5    85  1.6675583445917086e-18
    -7    85  9.7359460015880870e-19
    -9    85  3.0041990119102641e-19
     8    84  1.1817911880174147e-18
     6    84  2.5859098042927934e-18
     4    84  3.8733235699475547e-18
     2    84  4.7564244575968451e-18
     0    84  5.0693707680846580e-18
    -2    84  4.7564244575968451e-18
    -4    84  3.8733235699475547e-18
    -6    84  2.5859098042927934e-18
    -8    84  1.1817911880174147e-18
     9    83  9.6895948402356846e-19
     7    83  3.5656661703113315e-18
     5    83  6.3312549604946517e-18
     3    83  8.5264238641406433e-18
     1    83  9.7290050846919114e-18
    -1    83  9.7290050846919114e-18
    -3    83  8.5264238641406433e-18
    -5    83  6.3312549604946517e-18
    -7    83  3.5656661703113315e-18
    -9    83  9.6895948402356846e-19
     8    82  3.9306184341931731e-18
     6    82  9.5111297964325415e-18
     4    82  1.4502864970221746e-17
     2    82  1.7883736057247036e-17
     0    82  1.9078270252652639e-17
    -2    82  1.7883736057247036e-17
    -4    82  1.4502864970221746e-17
    -6    82  9.5111297964325415e-18
    -8    82  3.9306184341931731e-18
     9    81  1.9156484257059754e-18
     7    81  1.2470070542501984e-17
     5    81  2.3132204546842119e-17
     3    81  3.1376929512676790e-17
     1    81  3.5871489961617215e-17
    -1    81  3.5871489961617215e-17
    -3    81  3.1376929512676790e-17
    -5    81  2.3132204546842119e-17
    -7    81  1.2470070542501984e-17
    -9    81  1.9156484257059754e-18
     8    80  1.1837672203998800e-17
     6    80  3.3798000624609703e-17
     4    80  5.2205439896280158e-17
     2    80  6.4573434079115696e-17
     0    80  6.8943726258833380e-17
    -2    80  6.4573434079115696e-17
    -4    80  5.2205439896280158e-17
    -6    80  3.3798000624609703e-17
    -8    80  1.1837672203998800e-17
     7    79  4.2925132228577920e-17
     5    79  8.1412117801031295e-17
     3    79  1.1089817793509867e-16
     1    79  1.2699857563116017e-16
    -1    79  1.2699857563116017e-16
    -3    79  1.1089817793509867e-16
    -5    79  8.1412117801031295e-17
    -7    79  4.2925132228577920e-17
     8    78  4.0054747951271505e-17
     6    78  1.1631785216136225e-16
     4    78  1.8052352539380642e-16
     2    78  2.2386904661380298e-16
     0    78  2.3923351020440653e-16
    -2    78  2.2386904661380298e-16
    -4    78  1.8052352539380642e-16
    -6    78  1.1631785216136225e-16
    -8    78  4.0054747951271505e-17
     7    77  1.4451588948404873e-16
     5    77  2.7527667254475145e-16
     3    77  3.7627016204838405e-16
     1    77  4.3172976212320844e-16
    -1    77  4.3172976212320844e-16
    -3    77  3.7627016204838405e-16
    -5    77  2.7527667254475145e-16
    -7    77  1.4451588948404873e-16
     8    76  1.3189140351657101e-16
     6    76  3.8432584214874152e-16
     4    76  5.9898721963717083e-16
     2    76  7.4513738428389662e-16
     0    76  7.9716731914923568e-16
    -2    76  7.4513738428389662e-16
    -4    76  5.9898721963717083e-16
    -6    76  3.8432584214874152e-16
    -8    76  1.3189140351657101e-16
     7    75  4.6625220152194888e-16
     5    75  8.9237417468976919e-16
     3    75  1.2252501646202999e-15
     1    75  1.4093576284822676e-15
    -1    75  1.4093576284822676e-15
    -3    75  1.2252501646202999e-15
    -5    75  8.9237417468976919e-16
    -7    75  4.6625220152194888e-16
     8    74  4.1524756071983902e-16
     6    74  1.2157895153731780e-15
     4    74  1.9061525874600658e-15
     2    74  2.3812058176048998e-15
     0    74  2.5511463282995538e-15
    -2    74  2.3812058176048998e-15
    -4    74  1.9061525874600658e-15
    -6    74  1.2157895153731780e-15
    -8    74  4.1524756071983902e-16
     7    73  1.4373535968359135e-15
     5    73  2.7711641104999251e-15
     3    73  3.8289106632247821e-15
     1    73  4.4186469622089429e-15
    -1    73  4.4186469622089429e-15
    -3    73  3.8289106632247821e-15
    -5    73  2.7711641104999251e-15
    -7    73  1.4373535968359135e-15
     8    72  1.2457737622437895e-15
     6    72  3.6767039991747458e-15
     4    72  5.8161369839970127e-15
     2    72  7.3068445900425569e-15
     0    72  7.8425894199680200e-15
    -2    72  7.3068445900425569e-15
    -4    72  5.8161369839970127e-15
    -6    72  3.6767039991747458e-15
    -8    72  1.2457737622437895e-15
     7    71  4.2210074928000365e-15
     5    71  8.2367559328378657e-15
     3    71  1.1483496960769245e-14
     1    71  1.3307682249079113e-14
    -1    71  1.3307682249079113e-14
    -3    71  1.1483496960769245e-14
    -5    71  8.2367559328378657e-15
    -7    71  4.2210074928000365e-15
     8    70  3.5396022253126092e-15
     6    70  1.0605412794515494e-14
     4    70  1.7012633881281884e-14
     2    70  2.1534207106859162e-14
     0    70  2.3164121722703400e-14
    -2    70  2.1534207106859162e-14
    -4    70  1.7012633881281884e-14
    -6    70  1.0605412794515494e-14
    -8    70  3.5396022253126092e-15
     7    69  1.1738580734466771e-14
     5    69  2.3411166506132387e-14
     3    69  3.3061661899432544e-14
     1    69  3.8509165234130291e-14
    -1    69  3.8509165234130291e-14
    -3    69  3.3061661899432544e-14
    -5    69  2.3411166506132387e-14
    -7    69  1.1738580734466771e-14
     8    68  9.3790589097864530e-15
     6    68  2.9076592528529684e-14
     4    68  4.7713584048664430e-14
     2    68  6.0973171331709240e-14
     0    68  6.5749620194343271e-14
    -2    68  6.0973171331709240e-14
    -4    68  4.7713584048664430e-14
    -6    68  2.9076592528529684e-14
    -8    68  9.3790589097864530e-15
     7    67  3.0518482514412695e-14
     5    67  6.3598799869186178e-14
     3    67  9.1428375537488009e-14
     1    67  1.0709542953626109e-13
    -1    67  1.0709542953626109e-13
    -3    67  9.1428375537488009e-14
    -5    67  6.3598799869186178e-14
    -7    67  3.0518482514412695e-14
     8    66  2.1976043281541933e-14
     6    66  7.5438641310455203e-14
     4    66  1.2844872212383441e-13
     2    66  1.6593579531059358e-13
     0    66  1.7936156001287340e-13
    -2    66  1.6593579531059358e-13
    -4    66  1.2844872212383441e-13
    -6    66  7.5438641310455203e-14
    -8    66  2.1976043281541933e-14
     7    65  7.2008240037723747e-14
     5    65  1.6546475665550485e-13
     3    65  2.4309934685418257e-13
     1    65  2.8625337025519305e-13
    -1    65  2.8625337025519305e-13
    -3    65  2.4309934685418257e-13
    -5    65  1.6546475665550485e-13
    -7    65  7.2008240037723747e-14
     8    64  3.2302677706981412e-14
     6    64  1.8555929024841640e-13
     4    64  3.3282973287604337e-13
     2    64  4.3415418093043324e-13
     0    64  4.7015673041654477e-13
    -2    64  4.3415418093043324e-13
    -4    64  3.3282973287604337e-13
    -6    64  1.8555929024841640e-13
    -8    64  3.2302677706981412e-14
     7    63  1.4941309521862829e-13
     5    63  4.1583180422666653e-13
     3    63  6.2204052685526215e-13
     1    63  7.3514265936211232e-13
    -1    63  7.3514265936211232e-13
    -3    63  6.2204052685526215e-13
    -5    63  4.1583180422666653e-13
    -7    63  1.4941309521862829e-13
     6    62  4.4967485577095087e-13
     4    62  8.3233446175399588e-13
     2    62  1.0916241460338133e-12
     0    62  1.1835866538731356e-12
    -2    62  1.0916241460338133e-12
    -4    62  8.3233446175399588e-13
    -6    62  4.4967485577095087e-13
     7    61  3.5584824682641318e-13
     5    61  1.0167872331242725e-12
     3    61  1.5304300236934632e-12
     1    61  1.8126987296126344e-12
    -1    61  1.8126987296126344e-12
    -3    61  1.5304300236934632e-12
    -5    61  1.0167872331242725e-12
    -7    61  3.5584824682641318e-13
     6    60  1.0762423505815849e-12
     4    60  2.0026793695231380e-12
     2    60  2.6346419519685445e-12
     0    60  2.8596460592064115e-12
    -2    60  2.6346419519685445e-12
    -4    60  2.0026793695231380e-12
    -6    60  1.0762423505815849e-12
     7    59  8.3354989077836108e-13
     5    59  2.3906692264746638e-12
     3    59  3.6122477512725632e-12
     1    59  4.2884598550018860e-12
    -1    59  4.2884598550018860e-12
    -3    59  3.6122477512725632e-12
    -5    59  2.3906692264746638e-12
    -7    59  8.3354989077836108e-13
     6    58  2.4699137006762517e-12
     4    58  4.6170405896257983e-12
     2    58  6.0976949296951903e-12
     0    58  6.6281507927345304e-12
    -2    58  6.0976949296951903e-12
    -4    58  4.6170405896257983e-12
    -6    58  2.4699137006762517e-12
     7    57  1.8646850899192672e-12
     5    57  5.3743281310387528e-12
     3    57  8.1677264840443778e-12
     1    57  9.7306750663339303e-12
    -1    57  9.7306750663339303e-12
    -3    57  8.1677264840443778e-12
    -5    57  5.3743281310387528e-12
    -7    57  1.8646850899192672e-12
     6    56  5.4017526348991176e-12
     4    56  1.0178307799220716e-11
     2    56  1.3527087294910835e-11
     0    56  1.4736725563124514e-11
    -2    56  1.3527087294910835e-11
    -4    56  1.0178307799220716e-11
    -6    56  5.4017526348991176e-12
     7    55  3.9555395805501069e-12
     5    55  1.1514102370970299e-11
     3    55  1.7677697083997618e-11
     1    55  2.1176180914398846e-11
    -1    55  2.1176180914398846e-11
    -3    55  1.7677697083997618e-11
    -5    55  1.1514102370970299e-11
    -7    55  3.9555395805501069e-12
     6    54  1.1187337869760287e-11
     4    54  2.1416854693695687e-11
     2    54  2.8760605542603598e-11
     0    54  3.1437022020011745e-11
    -2    54  2.8760605542603598e-11
    -4    54  2.1416854693695687e-11
    -6    54  1.1187337869760287e-11
     7    53  7.8458654390081689e-12
     5    53  2.3399599655259794e-11
     3    53  3.6604968734079328e-11
     1    53  4.4215134781504590e-11
    -1    53  4.4215134781504590e-11
    -3    53  3.6604968734079328e-11
    -5    53  2.3399599655259794e-11
    -7    53  7.8458654390081689e-12
     6    52  2.1641697753908718e-11
     4    52  4.2933772812786177e-11
     2    52  5.8632480533089269e-11
     0    52  6.4381679076200648e-11
    -2    52  5.8632480533089269e-11
    -4    52  4.2933772812786177e-11
    -6    52  2.1641697753908718e-11
     7    51  1.3860582817941155e-11
     5    51  4.4783222527465351e-11
     3    51  7.2555890937225915e-11
     1    51  8.8642372453313978e-11
    -1    51  8.8642372453313978e-11
    -3    51  7.2555890937225915e-11
    -5    51  4.4783222527465351e-11
    -7    51  1.3860582817941155e-11
     6    50  3.7754999489073331e-11
     4    50  8.2019706921572806e-11
     2    50  1.1476054616462512e-10
     0    50  1.2666992062417296e-10
    -2    50  1.1476054616462512e-10
    -4    50  8.2019706921572806e-11
    -6    50  3.7754999489073331e-11
     7    49  1.5687785415604970e-11
     5    49  8.0404068777182647e-11
     3    49  1.3809377833802832e-10
     1    49  1.7077376558501381e-10
    -1    49  1.7077376558501381e-10
    -3    49  1.3809377833802832e-10
    -5    49  8.0404068777182647e-11
    -7    49  1.5687785415604970e-11
     6    48  5.6013432197584749e-11
     4    48  1.5074314091248420e-10
     2    48  2.1604827808184879e-10
     0    48  2.3945702284225083e-10
    -2    48  2.1604827808184879e-10
    -4    48  1.5074314091248420e-10
    -6    48  5.6013432197584749e-11
     5    47  1.4148448259024171e-10
     3    47  2.5368028752506604e-10
     1    47  3.1608910824849128e-10
    -1    47  3.1608910824849128e-10
    -3    47  2.5368028752506604e-10
    -5    47  1.4148448259024171e-10
     6    46  9.6582370760154299e-11
     4    46  2.7036158910690331e-10
     2    46  3.9104149126258532e-10
     0    46  4.3430448559320013e-10
    -2    46  3.9104149126258532e-10
    -4    46  2.7036158910690331e-10
    -6    46  9.6582370760154299e-11
     5    45  2.4828439343703006e-10
     3    45  4.4864518398561079e-10
     1    45  5.6078848486782518e-10
    -1    45  5.6078848486782518e-10
    -3    45  4.4864518398561079e-10
    -5    45  2.4828439343703006e-10
     6    44  1.6591767803821256e-10
     4    44  4.6676092103924151e-10
     2    44  6.7774213130616850e-10
     0    44  7.5379448808734779e-10
    -2    44  6.7774213130616850e-10
    -4    44  4.6676092103924151e-10
    -6    44  1.6591767803821256e-10
     5    43  4.1770537733810264e-10
     3    43  7.5836233371751810e-10
     1    43  9.5093134722299975e-10
    -1    43  9.5093134722299975e-10
    -3    43  7.5836233371751810e-10
    -5    43  4.1770537733810264e-10
     6    42  2.7125293730563398e-10
     4    42  7.6746942444418101e-10
     2    42  1.1208341428503519e-09
     0    42  1.2493978163716194e-09
    -2    42  1.1208341428503519e-09
    -4    42  7.6746942444418101e-10
    -6    42  2.7125293730563398e-10
     5    41  6.6515037946443008e-10
     3    41  1.2194692589637079e-09
     1    41  1.5383955348148460e-09
    -1    41  1.5383955348148460e-09
    -3    41  1.2194692589637079e-09
    -5    41  6.6515037946443008e-10
     6    40  4.1511665768027208e-10
     4    40  1.1931501993644656e-09
     2    40  1.7648511405317329e-09
     0    40  1.9758566582158809e-09
    -2    40  1.7648511405317329e-09
    -4    40  1.1931501993644656e-09
    -6    40  4.1511665768027208e-10
     5    39  9.8745123345973031e-10
     3    39  1.8581924606845172e-09
     1    39  2.3733441399245055e-09
    -1    39  2.3733441399245055e-09
    -3    39  1.8581924606845172e-09
    -5    39  9.8745123345973031e-10
     6    38  5.6857100797633032e-10
     4    38  1.7359057567305099e-09
     2    38  2.6440801966991733e-09
     0    38  2.9836449799826988e-09
    -2    38  2.6440801966991733e-09
    -4    38  1.7359057567305099e-09
    -6    38  5.6857100797633032e-10
     5    37  1.3134867347042809e-09
     3    37  2.6765930287961774e-09
     1    37  3.4973589829279733e-09
    -1    37  3.4973589829279733e-09
    -3    37  2.6765930287961774e-09
    -5    37  1.3134867347042809e-09
     6    36  5.0846119835611925e-10
     4    36  2.3367493735654877e-09
     2    36  3.7808127588592019e-09
     0    36  4.3141054157389999e-09
    -2    36  3.7808127588592019e-09
    -4    36  2.3367493735654877e-09
    -6    36  5.0846119835611925e-10
     5    35  1.4313414587609141e-09
     3    35  3.6761489681915285e-09
     1    35  4.9427906751974181e-09
    -1    35  4.9427906751974181e-09
    -3    35  3.6761489681915285e-09
    -5    35  1.4313414587609141e-09
     4    34  3.0427015887566612e-09
     2    34  5.2044848021502325e-09
     0    34  5.9898802328335440e-09
    -2    34  5.2044848021502325e-09
    -4    34  3.0427015887566612e-09
     5    33  1.8135985532227176e-09
     3    33  4.9268737439053104e-09
     1    33  6.7128374483447063e-09
    -1    33  6.7128374483447063e-09
    -3    33  4.9268737439053104e-09
    -5    33  1.8135985532227176e-09
     4    32  3.9826679822833721e-09
     2    32  6.8969888872742939e-09
     0    32  7.9651405437817341e-09
    -2    32  6.8969888872742939e-09
    -4    32  3.9826679822833721e-09
     5    31  2.3219277290073006e-09
     3    31  6.3586745185612750e-09
     1    31  8.7058833645411771e-09
    -1    31  8.7058833645411771e-09
    -3    31  6.3586745185612750e-09
    -5    31  2.3219277290073006e-09
     4    30  4.9890574569548148e-09
     2    30  8.6941949192241134e-09
     0    30  1.0066327710341481e-08
    -2    30  8.6941949192241134e-09
    -4    30  4.9890574569548148e-09
     5    29  2.8040421284152910e-09
     3    29  7.7512104981415587e-09
     1    29  1.0684975084455350e-08
    -1    29  1.0684975084455350e-08
    -3    29  7.7512104981415587e-09
    -5    29  2.8040421284152910e-09
     4    28  5.8185672495120503e-09
     2    28  1.0306542859728592e-08
     0    28  1.2001927209330752e-08
    -2    28  1.0306542859728592e-08
    -4    28  5.8185672495120503e-09
     5    27  3.0393593815181356e-09
     3    27  8.7651920764600158e-09
     1    27  1.2325116349673665e-08
    -1    27  1.2325116349673665e-08
    -3    27  8.7651920764600158e-09
    -5    27  3.0393593815181356e-09
     4    26  6.0299728063696783e-09
     2    26  1.1385085293864579e-08
     0    26  1.3455833289422343e-08
    -2    26  1.1385085293864579e-08
    -4    26  6.0299728063696783e-09
     5    25  2.1848091240759956e-09
     3    25  8.9912728716101657e-09
     1    25  1.3355876393306800e-08
    -1    25  1.3355876393306800e-08
    -3    25  8.9912728716101657e-09
    -5    25  2.1848091240759956e-09
     4    24  4.9006733717368561e-09
     2    24  1.1766176394489355e-08
     0    24  1.4269697741320682e-08
    -2    24  1.1766176394489355e-08
    -4    24  4.9006733717368561e-09
     3    23  8.6905190357817376e-09
     1    23  1.3777738948438870e-08
    -1    23  1.3777738948438870e-08
    -3    23  8.6905190357817376e-09
     4    22  4.5481581560263552e-09
     2    22  1.1770933844379541e-08
     0    22  1.4485770268663523e-08
    -2    22  1.1770933844379541e-08
    -4    22  4.5481581560263552e-09
     3    21  8.4562436692916771e-09
     1    21  1.3649950399416822e-08
    -1    21  1.3649950399416822e-08
    -3    21  8.4562436692916771e-09
     4    20  4.3122963691736762e-09
     2    20  1.1318775294188384e-08
     0    20  1.4008717417615462e-08
    -2    20  1.1318775294188384e-08
    -4    20  4.3122963691736762e-09
     3    19  7.8221887233398037e-09
     1    19  1.2768377504533173e-08
    -1    19  1.2768377504533173e-08
    -3    19  7.8221887233398037e-09
     4    18  3.7421563639856339e-09
     2    18  1.0107107059998844e-08
     0    18  1.2635601567980547e-08
    -2    18  1.0107107059998844e-08
    -4    18  3.7421563639856339e-09
     3    17  6.4203456081445377e-09
     1    17  1.0971722560886796e-08
    -1    17  1.0971722560886796e-08
    -3    17  6.4203456081445377e-09
     4    16  2.1907456206148409e-09
     2    16  8.0011848453238456e-09
     0    16  1.0401001378616228e-08
    -2    16  8.0011848453238456e-09
    -4    16  2.1907456206148409e-09
     3    15  3.9298018022003873e-09
     1    15  8.5142759282430030e-09
    -1    15  8.5142759282430030e-09
    -3    15  3.9298018022003873e-09
     2    14  5.6847065239374770e-09
     0    14  7.8634950312059904e-09
    -2    14  5.6847065239374770e-09
     3    13  2.6083001407586470e-09
     1    13  6.1929092710417539e-09
    -1    13  6.1929092710417539e-09
    -3    13  2.6083001407586470e-09
     2    12  3.9645202686837638e-09
     0    12  5.5953877573577659e-09
    -2    12  3.9645202686837638e-09
     3    11  1.7292287089322733e-09
     1    11  4.2266897738157780e-09
    -1    11  4.2266897738157780e-09
    -3    11  1.7292287089322733e-09
     2    10  2.5078602678946688e-09
     0    10  3.6405496664779499e-09
    -2    10  2.5078602678946688e-09
     3     9  8.0739513761263266e-10
     1     9  2.5227251317158746e-09
    -1     9  2.5227251317158746e-09
    -3     9  8.0739513761263266e-10
     2     8  1.1306033782577479e-09
     0     8  2.0280157884359589e-09
    -2     8  1.1306033782577479e-09
     1     7  1.2591852697724322e-09
    -1     7  1.2591852697724322e-09
     2     6  5.0273514666873157e-10
     0     6  9.9213387149190341e-10
    -2     6  5.0273514666873157e-10
     1     5  5.6765719364413610e-10
    -1     5  5.6765719364413610e-10
     2     4  1.7266929907605597e-10
     0     4  4.0645544235447388e-10
    -2     4  1.7266929907605597e-10
     1     3  1.6808510736124253e-10
    -1     3  1.6808510736124253e-10
     0     2  1.1402133430041537e-10
     1     1  3.4724096845588984e-11
    -1     1  3.4724096845588984e-11
     0     0  1.3307115382659416e-11
